1	1	-1	1	0.349	1.024	4.3903	6.1214	3.3388	4.2234	53.232	1055.9
1	2	1	1	0.299	1.167	-13.598	-9.1269	-14.448	7.1193	81.01	775.67
1	3	-1	1	0.384	1.069	1.0448	-3.3358	-0.89402	3.5761	21.126	115.09
1	4	1	1	0.223	1.056	-16.038	-12.828	-14.048	3.8744	44.545	411.77
1	5	1	1	0.318	1.148	0.89519	9.7389	2.669	3.2286	35.7	602.37
1	6	-1	1	0.31	0.695	4.4497	-4.093	8.2396	4.9633	48.484	546.11
1	7	-1	1	0.286	1.204	-12.605	-11.024	-8.3658	4.4076	40.616	342.04
1	8	-1	1	0.343	1.059	4.7739	3.5511	6.4576	4.5116	34.513	954.48
1	9	1	1	0.323	1.156	-21.644	-29.406	-17.772	3.8146	35.047	466.65
1	10	1	1	0.289	1.21	-5.6811	-9.8769	2.1297	4.805	45.362	630.55
2	1	1	1	0.267	1.213	45.364	48.752	45.323	4.7811	50.156	457.34
2	2	1	1	0.297	1.19	25.131	30.306	23.094	3.1517	38.712	678.73
2	3	-1	1	0.326	1.174	46.897	39.262	49.489	4.053	37.983	946.45
2	4	-1	1	0.325	1.168	46.476	48.468	42.882	6.0952	86.772	5959.1
2	5	1	1	0.187	0.856	15.079	17.855	38.408	7.3863	38.725	326.38
2	6	-1	1	0.272	1.167	46.412	47.927	52.149	6.1288	66.479	559.63
2	7	1	1	0.07	1.087	8.9835	11.222	15.446	7.0001	28.727	223.91
2	8	-1	1	0.265	1.221	-149.75	28.144	-113.87	8.451	44.347	521.41
2	9	1	1	0.276	1.171	4.1764	3.5834	15.897	5.2182	51.468	404.68
2	10	1	1	0.171	1.324	36.566	37.856	46.227	3.381	32.834	298.23
2	11	-1	1	0.32	1.155	20.307	20.224	17.792	7.1785	68.755	556.02
2	12	1	1	0.035	1.206	32.408	33.323	53.312	5.6806	24.157	160.16
2	13	1	1	0	1.46	4.8813	10.161	31.866	10.138	32.921	220.07
2	14	-1	1	0.336	1.159	29.622	26.834	-141.47	4.9293	41.077	261.54
2	15	1	1	0.198	1.231	2.8557	2.8551	15.068	4.4893	47.224	379.26
2	16	-1	1	0.243	1.104	37.141	30.218	51.839	3.4311	34.292	312.49
2	17	1	1	0.226	1.228	14.684	13.708	25.868	7.9594	42.29	431.61
2	18	-1	1	0.055	1.226	29.336	28.161	0.16142	4.3701	32.323	306.95
2	19	1	1	0.221	1.278	12.013	5.1496	36.451	4.5504	23.184	166.89
2	20	-1	1	0.325	0.729	-147.49	24.95	-136.46	5.3391	50.099	986.59
2	21	-1	1	0.316	1.171	38.549	31.117	44.209	4.4952	36.793	272.23
2	22	1	1	0.376	1.059	8.1019	15.307	26.973	4.5974	36.276	354.89
2	23	-1	1	0.292	1.21	17.182	15.796	25.548	5.6686	49.16	396.01
2	24	-1	1	0.276	1.136	24.957	21.88	22.024	5.868	60.287	484.01
2	25	1	1	0.22	1.228	19.346	19.073	25.701	6.5387	60.656	446.03
2	26	-1	1	0.247	1.159	21.836	19.625	19.541	3.7683	25.104	139.61
2	27	-1	1	0.306	1.106	25.497	23.189	21.184	2.7107	27.605	232.17
2	28	1	1	0.186	1.309	19.696	23.928	28.749	4.4842	41.057	331.98
2	29	-1	1	0	1.374	25.982	22.506	22.735	7.4436	29.773	136.51
2	30	1	1	0.27	0.854	12.996	9.8824	21.393	4.6577	46.279	598.07
3	1	1	1	0.256	1.236	19.715	22.063	27.563	7.3026	40.841	225.88
3	2	1	1	0.243	1.248	14.626	16.567	17.515	7.5205	27.212	162.96
3	3	-1	1	0.017	1.443	24.079	19.07	25.741	7.36	51.639	269.75
3	4	1	1	0.253	1.216	22.854	17.917	34.596	3.1929	29.565	267.61
3	5	-1	1	0.298	1.183	50.198	40.436	49.509	6.3657	95.378	2842
3	6	1	1	0.249	1.208	12.24	20.064	30.466	9.1904	45.417	704.59
3	7	1	1	0.12	0.79	27.9	25.485	38.109	5.1249	53.83	448.71
3	8	1	1	0.286	1.04	12.161	15.34	19.528	6.4881	72.009	1125.6
3	9	-1	1	0.399	0.955	-129.71	18.556	-128.3	4.2832	50.899	1510.7
3	10	-1	1	0.222	1.281	15.461	14.526	19.912	8.1961	58.932	305.23
3	11	1	1	0.351	0.789	7.2249	7.304	8.048	6.331	60.528	445.7
3	12	-1	1	0.406	1.053	24.181	28.766	22.774	4.9321	56.511	616.93
3	13	1	1	0.129	1.373	-1.7279	-2.4824	7.5613	3.5087	27.2	143.97
3	14	-1	1	0.348	1.135	38.022	35.688	42.352	5.9948	68.317	1138.4
3	15	1	1	0.311	1.185	3.9968	2.1527	15.265	7.8191	79.603	889.2
3	16	-1	1	0.053	1.442	40.974	41.559	38.832	5.7357	46.375	295.22
3	17	-1	1	0.35	0.947	4.5473	1.6181	-4.1559	3.6142	39.963	1781.4
3	18	1	1	0.271	0.82	19.713	18.035	26.241	4.7897	48.849	394.23
3	19	1	1	0.184	1.28	21.18	21.149	41.624	4.2288	25.738	131.98
3	20	1	1	0	1.384	27.031	30.462	42.275	6.1588	41.27	309.93
3	21	-1	1	0.427	1.086	21.333	21.271	4.7849	4.9737	37.372	6630.5
3	22	-1	1	0.303	0.976	18.51	13.931	27.53	4.6978	55.607	678.78
3	23	-1	1	0.313	0.943	44.541	44.282	43.236	4.6261	47.818	5180.4
3	24	1	1	0.264	1.199	27.019	26.328	38.616	5.0918	43.374	275.54
3	25	1	1	0.386	1.119	-1.8122	3.4994	4.6512	2.8644	31.576	549.1
3	26	-1	1	0.259	1.244	41.312	40.013	47.222	4.7956	57.085	553.48
3	27	1	1	0.312	1.058	25.838	27.923	47.582	6.9942	55.584	419.57
3	28	-1	1	0.253	1.219	52.193	44.78	63.504	6.0435	60.402	591.8
3	29	-1	1	0.244	1.107	17.426	13.938	15.389	6.632	88.624	1524.1
3	30	-1	1	0.394	1.109	15.834	6.8962	13.14	2.72	29.659	856.51
4	1	-1	1	0.295	1.179	10.715	8.7775	15.897	5.9935	81.099	5562.5
4	2	1	1	0.328	0.937	-29.183	-25.163	-24.044	5.1599	24.643	509.55
4	3	1	1	0.341	1.134	-22.762	-18.713	-23.553	4.3116	51.737	574.58
4	4	1	1	0.368	1.118	135.32	-26.787	137.99	4.6381	39.567	512.15
4	5	-1	1	0.348	0.995	-30.692	-24.187	-32.035	2.4687	30.445	827.64
4	6	-1	1	0.339	1.166	-0.76776	-0.68919	8.5901	8.738	38.92	1343.4
4	7	1	1	0.334	1.148	-24.294	-22.24	-25.709	4.7457	48.795	432.91
4	8	1	1	0.334	1.174	-34.847	-33.786	-33.376	4.4746	47.657	403.83
4	9	-1	1	0.309	1.072	-16.077	-20.932	-20.238	4.6679	40.265	385.75
4	10	-1	1	1.137	0.358	-145.3	9.204	-117.76	9.675	38.085	343.54
4	11	-1	1	0.375	1.076	59.155	55.856	66.245	3.9963	44.57	400.65
4	12	1	1	0.571	0.896	-202	-37.472	-203.93	2.1953	33.871	1544.3
4	13	1	1	0.349	1.137	-65.776	-63.393	-67.95	4.6822	51.089	449.19
4	14	-1	1	0.215	1.066	-20.54	-21.943	-23.311	6.439	64.548	579.08
4	15	1	1	0.316	1.064	-14.697	-8.1298	-16.83	5.6648	32.62	234.09
4	16	-1	1	0.269	1.208	-28.23	-29.31	-31.569	4.0584	47.701	440.64
4	17	-1	1	0.344	1.107	-13.45	-13.505	-15.737	4.9801	51.093	6175.7
4	18	1	1	0	1.469	-7.7765	-3.3143	18.423	6.9321	50.175	578.43
4	19	-1	1	0.228	0.972	-9.8214	-3.0151	-12.262	3.6109	37.003	352.88
4	20	-1	1	0.263	1.198	-25.321	-23.896	-26.782	4.4104	52.392	3152.8
4	21	1	1	0.403	0.676	-1.3973	-1.3561	-9.0356	5.5485	52.508	252.31
4	22	1	1	0.6	0.899	-13.756	-20.925	-12.856	4.8068	43.565	445.94
4	23	-1	1	0.278	1.131	-12.696	-21.624	-7.9179	5.5402	54.717	532.14
4	24	-1	1	0.237	1.162	-5.2698	-4.2493	1.1599	6.5189	65.601	519.22
4	25	-1	1	0.273	0.931	-18.987	-14.868	-21.777	5.6435	57.73	505.78
4	26	-1	1	0.588	0.881	-10.714	-5.977	-5.1876	4.057	42.714	410.94
4	27	1	1	0.517	0.991	143.33	-23.377	141.88	2.6288	28.228	544
4	28	1	1	0.211	1.28	-22.108	-13.454	-18.118	6.4272	32.009	129.77
4	29	1	1	0.31	1.167	-20.31	-25.634	-6.6764	2.5396	26.507	222.7
4	30	1	1	0.224	1.213	-16.487	-18.006	149.98	4.7079	19.838	140.38
5	1	1	1	0.245	1.233	46.79	48.504	57.173	8.239	58.017	682.66
5	2	1	1	0.322	1.146	13.358	6.1454	17.937	4.1716	50.199	637.75
5	3	-1	1	0.233	1.248	15.144	22.004	13.311	3.5061	30.44	270.32
5	4	-1	1	0.389	1.099	-145.22	24.376	29.984	4.2659	39.057	471.88
5	5	-1	1	0.24	1.057	29.803	27.015	25.258	4.1211	44.664	1181.3
5	6	1	1	0.141	1.092	48.82	46.625	103.12	5.0755	28.081	162.78
5	7	-1	1	0	1.241	9.1957	4.8197	-2.6417	7.0086	29.974	237.05
5	8	-1	1	0.689	0.813	-88.61	-84.189	-86.879	3.217	37.554	351.26
5	9	1	1	0.46	0.99	8.3977	43.428	6.5526	6.077	60.719	1869.2
5	10	-1	1	0.295	1.18	31.592	42.794	207.98	4.0176	53.06	1001.9
5	11	1	1	0.332	1.129	15.386	18.319	28.639	6.1805	44.994	253.65
5	12	1	1	0.32	1.18	13.716	23.785	11.477	3.2497	28.519	239.34
5	13	1	1	0.706	0.805	12.839	20.583	20.043	8.3133	57.549	442.84
5	14	1	1	0.503	0.848	11.35	16.17	14.375	4.0886	39.899	370.39
5	15	-1	1	0.194	1.287	36.977	34.833	37.61	4.4013	48.851	429.34
5	16	1	1	0.088	1.333	32.758	34.368	42.878	6.5032	33.686	138.77
5	17	1	1	0	1.005	18.407	33.173	43.979	6.6417	30.432	333.75
5	18	-1	1	0.25	1.223	20.905	16.59	21.15	3.7473	49.657	841.38
5	19	1	1	0.292	0.951	18.021	13.893	24.012	3.9485	41.906	368.85
5	20	-1	1	0.168	1.302	25.171	28.268	-108.91	4.1592	23.531	115.2
5	21	-1	1	0.281	1.178	5.5114	1.4173	17.025	8.3075	23.486	395.53
5	22	1	1	0.516	0.93	14.371	19.064	9.2524	5.346	71.024	2389.1
5	23	-1	1	0.052	1.433	1.2135	-0.69447	-24.289	3.5085	36.785	414.79
5	24	1	1	0.278	0.814	20.252	22.792	28.786	5.4006	55.554	475.32
5	25	-1	1	0.397	1.101	37.56	35.424	40.615	4.0256	47.089	1495.1
5	26	-1	1	0.359	1.026	52.776	51.088	59.392	3.9736	46.741	2846
5	27	1	1	0.244	0.896	23.968	26.031	25.881	5.8484	68.035	632.97
5	28	-1	1	0.228	1.237	40.505	38.854	43.518	5.7942	71.695	2020.1
5	29	1	1	0.336	1.157	18.397	23.072	17.073	3.4839	48.143	710.07
5	30	-1	1	0.238	0.836	35.734	33.19	34.832	4.4312	56.62	757.24
